[Window]
startupPosX=439
startupPosY=146
viewportWidth=995
viewportHeigth=729
colBGx=0.3742112517356873
colBGy=0.5074531435966492
colBGz=0.5740740299224854
colBGw=1.0
