[Window]
startupPosX=388
startupPosY=129
viewportWidth=1024
viewportHeigth=800
colBGx=0.3037037253379822
colBGy=0.221116304397583
colBGz=0.1709739416837692
colBGw=1.0
