[Window]
startupPosX=354
startupPosY=97
viewportWidth=971
viewportHeigth=793
colBGx=0.25
colBGy=0.6499999761581421
colBGz=0.8500000238418579
colBGw=1.0
