[Window]
startupPosX=465
startupPosY=104
viewportWidth=989
viewportHeigth=823
colBGx=0.5259259343147278
colBGy=0.5239347815513611
colBGz=0.4363237619400024
colBGw=1.0
