[Window]
startupPosX=431
startupPosY=163
viewportWidth=981
viewportHeigth=740
colBGx=0.699999988079071
colBGy=0.6499999761581421
colBGz=0.8500000238418579
colBGw=1.0
