[Window]
startupPosX=416
startupPosY=95
viewportWidth=1020
viewportHeigth=771
colBGx=0.25
colBGy=0.6499999761581421
colBGz=0.8500000238418579
colBGw=1.0
