[Window]
startupPosX=399
startupPosY=63
viewportWidth=1024
viewportHeigth=800
colBGx=0.4246913492679596
colBGy=0.4777777791023254
colBGz=0.4612619876861572
colBGw=1.0
