[Window]
startupPosX=410
startupPosY=146
viewportWidth=1024
viewportHeigth=800
colBGx=0.25
colBGy=0.6499999761581421
colBGz=0.8500000238418579
colBGw=1.0
