[Window]
startupPosX=305
startupPosY=115
viewportWidth=1024
viewportHeigth=842
colBGx=0.3571597933769226
colBGy=0.2647873759269714
colBGz=0.3592592477798462
colBGw=1.0
