[Window]
startupPosX=454
startupPosY=80
viewportWidth=1016
viewportHeigth=891
colBGx=0.4185185432434082
colBGy=0.3677451610565186
colBGz=0.3146639466285706
colBGw=1.0
