[Window]
startupPosX=445
startupPosY=239
viewportWidth=800
viewportHeigth=600
colBGx=0.07000000029802322
colBGy=0.2599999904632568
colBGz=0.75
colBGw=1.0
