[Window]
startupPosX=431
startupPosY=91
viewportWidth=1001
viewportHeigth=900
colBGx=0.06189299374818802
colBGy=0.355555534362793
colBGz=0.2250388562679291
colBGw=1.0
